FRONT B - part 1 - causal sensitivity probe (diagnosis only, nothing changed)
==========================================================================================

20160735   labelled mature: [(145, 177)]
  reference (distance=5, mature_amplitude_fraction=0.95):
      [(8, 10, 3), (55, 62, 8), (154, 166, 13), (225, 232, 8)]
  --- vary `distance` (the front's suspected cause) ---
      distance=None : [(8, 10, 3), (55, 62, 8), (154, 166, 13), (225, 232, 8)]
      distance=   1 : [(8, 10, 3), (55, 62, 8), (154, 166, 13), (225, 232, 8)]
      distance=   3 : [(8, 10, 3), (55, 62, 8), (154, 166, 13), (225, 232, 8)]
      distance=   5 : [(8, 10, 3), (55, 62, 8), (154, 166, 13), (225, 232, 8)]
      distance=  10 : [(8, 10, 3), (55, 62, 8), (154, 166, 13), (225, 232, 8)]
      distance=  14 : [(8, 10, 3), (55, 62, 8), (154, 166, 13), (225, 232, 8)]
      distance=  20 : [(8, 10, 3), (55, 62, 8), (154, 166, 13), (225, 232, 8)]
      distance=  30 : [(8, 10, 3), (154, 166, 13), (225, 232, 8)]
  --- vary `mature_amplitude_fraction` (distance fixed at 5) ---
      fraction=0.95 : [(8, 10, 3), (55, 62, 8), (154, 166, 13), (225, 232, 8)]
      fraction=0.90 : [(7, 11, 5), (53, 64, 12), (150, 181, 32), (224, 235, 12)]
      fraction=0.80 : [(6, 12, 7), (50, 68, 19), (146, 184, 39), (222, 245, 24)]
      fraction=0.70 : [(5, 13, 9), (46, 71, 26), (143, 187, 45), (221, 247, 27)]
      fraction=0.50 : [(4, 14, 11), (34, 80, 47), (138, 191, 54), (219, 250, 32)]
      fraction=0.30 : [(3, 16, 14), (30, 110, 81), (134, 196, 63), (217, 253, 37)]
  --- vary `prominence_relative` (distance fixed at 5) ---
      prom_rel=0.3 : [(8, 10, 3), (55, 62, 8), (154, 166, 13), (225, 232, 8)]
      prom_rel=0.4 : [(55, 62, 8), (154, 166, 13), (225, 232, 8)]
      prom_rel=0.5 : [(55, 62, 8), (154, 166, 13)]
      prom_rel=0.6 : [(154, 166, 13)]
      prom_rel=0.8 : [(154, 166, 13)]
  --- mature_method='derivative' (the only branch that reads length_scale) ---
      length_scale=local  : [(53, 70, 18), (153, 168, 16), (225, 233, 9)]
      length_scale=global : []

20203947   labelled mature: [(122, 144), (178, 188)]
  reference (distance=5, mature_amplitude_fraction=0.95):
      [(59, 62, 4), (88, 92, 5), (130, 135, 6), (182, 187, 6)]
  --- vary `distance` (the front's suspected cause) ---
      distance=None : [(59, 62, 4), (88, 92, 5), (130, 135, 6), (182, 187, 6)]
      distance=   1 : [(59, 62, 4), (88, 92, 5), (130, 135, 6), (182, 187, 6)]
      distance=   3 : [(59, 62, 4), (88, 92, 5), (130, 135, 6), (182, 187, 6)]
      distance=   5 : [(59, 62, 4), (88, 92, 5), (130, 135, 6), (182, 187, 6)]
      distance=  10 : [(59, 62, 4), (88, 92, 5), (130, 135, 6), (182, 187, 6)]
      distance=  14 : [(59, 62, 4), (88, 92, 5), (130, 135, 6), (182, 187, 6)]
      distance=  20 : [(59, 62, 4), (88, 92, 5), (130, 135, 6), (182, 187, 6)]
      distance=  30 : [(59, 62, 4), (130, 135, 6), (182, 187, 6)]
  --- vary `mature_amplitude_fraction` (distance fixed at 5) ---
      fraction=0.95 : [(59, 62, 4), (88, 92, 5), (130, 135, 6), (182, 187, 6)]
      fraction=0.90 : [(58, 63, 6), (87, 93, 7), (129, 136, 8), (181, 188, 8)]
      fraction=0.80 : [(56, 64, 9), (86, 94, 9), (127, 137, 11), (179, 190, 12)]
      fraction=0.70 : [(55, 65, 11), (85, 96, 12), (125, 139, 15), (177, 191, 15)]
      fraction=0.50 : [(52, 67, 16), (83, 98, 16), (122, 142, 21), (174, 193, 20)]
      fraction=0.30 : [(48, 69, 22), (81, 100, 20), (118, 146, 29), (170, 195, 26)]
  --- vary `prominence_relative` (distance fixed at 5) ---
      prom_rel=0.3 : [(59, 62, 4), (88, 92, 5), (130, 135, 6), (182, 187, 6)]
      prom_rel=0.4 : [(130, 135, 6), (182, 187, 6)]
      prom_rel=0.5 : [(130, 135, 6), (182, 187, 6)]
      prom_rel=0.6 : [(130, 135, 6), (182, 187, 6)]
      prom_rel=0.8 : [(130, 135, 6)]
  --- mature_method='derivative' (the only branch that reads length_scale) ---
      length_scale=local  : [(51, 63, 13), (128, 136, 9), (181, 188, 8)]
      length_scale=global : []
